{
  "camera_angle_x": 0.5659530050857433,
  "camera_angle_y": 0.9579842336659273,
  "fl_x": 1238.0505852178367,
  "fl_y": 1232.3559835228846,
  "k1": -0.025963201122853337,
  "k2": 0.05372082570801857,
  "k3": 0,
  "k4": 0,
  "p1": -0.00443755133590062,
  "p2": -0.00020140767624901855,
  "is_fisheye": false,
  "cx": 355.7293544084085,
  "cy": 620.2585446256703,
  "w": 720.0,
  "h": 1280.0,
  "aabb_scale": 16,
  "frames": [
    {
      "file_path": "./chair\\images/0002.jpg",
      "sharpness": 38.28073551239673,
      "transform_matrix": [
        [
          -0.6491351445599537,
          0.6395001421443263,
          -0.4119018479615385,
          -1.6957321970417851
        ],
        [
          -0.7584920311026491,
          -0.5031885975602132,
          0.41411480780176674,
          1.5295707358793202
        ],
        [
          0.05756216524507344,
          0.5812407449020996,
          0.8116931647236528,
          3.2087343326782003
        ],
        [
          0.0,
          0.0,
          0.0,
          1.0
        ]
      ]
    },
    {
      "file_path": "./chair\\images/0001.jpg",
      "sharpness": 63.75663732409891,
      "transform_matrix": [
        [
          -0.6402604548403836,
          0.6230403343699007,
          -0.4493186973356929,
          -1.731333129594355
        ],
        [
          -0.7664925363095465,
          -0.4796832827130131,
          0.4270750988631362,
          1.5646562013771321
        ],
        [
          0.050554344674426724,
          0.61783872498125,
          0.784678002883495,
          3.2394202659040743
        ],
        [
          0.0,
          0.0,
          0.0,
          1.0
        ]
      ]
    },
    {
      "file_path": "./chair\\images/0007.jpg",
      "sharpness": 55.548163968870384,
      "transform_matrix": [
        [
          -0.7826794016466545,
          0.5614877712772962,
          -0.2685971649212057,
          -1.1679195260473743
        ],
        [
          -0.5992056705186141,
          -0.5629459562348094,
          0.5692489918996335,
          2.093665101510173
        ],
        [
          0.16842065991504582,
          0.6064844046739735,
          0.7770528606614767,
          3.1149547312260983
        ],
        [
          0.0,
          0.0,
          0.0,
          1.0
        ]
      ]
    },
    {
      "file_path": "./chair\\images/0008.jpg",
      "sharpness": 59.774524243106335,
      "transform_matrix": [
        [
          -0.8228537570002387,
          0.5222067324921275,
          -0.22407994821068306,
          -0.9500115778558281
        ],
        [
          -0.5419424617361248,
          -0.6025646012941878,
          0.5858449192713842,
          2.2121560913314045
        ],
        [
          0.17090951638823154,
          0.6035031316009624,
          0.7788285481522359,
          3.103515907626
        ],
        [
          0.0,
          0.0,
          0.0,
          1.0
        ]
      ]
    },
    {
      "file_path": "./chair\\images/0004.jpg",
      "sharpness": 58.13903751584159,
      "transform_matrix": [
        [
          -0.7321953691305289,
          0.5932691002681894,
          -0.33454703129813473,
          -1.5058093589653485
        ],
        [
          -0.67133164738243,
          -0.5457695513312395,
          0.5014473213250011,
          1.806809011854626
        ],
        [
          0.11490761798359604,
          0.5917494161853544,
          0.7978902605213173,
          3.2094114726041982
        ],
        [
          0.0,
          0.0,
          0.0,
          1.0
        ]
      ]
    },
    {
      "file_path": "./chair\\images/0006.jpg",
      "sharpness": 62.512260134632214,
      "transform_matrix": [
        [
          -0.7591881045446429,
          0.576687671249722,
          -0.3017693685682866,
          -1.3503432453676718
        ],
        [
          -0.6329331741481861,
          -0.5460211726735592,
          0.5488683594965423,
          2.037132915639534
        ],
        [
          0.15175315155810074,
          0.6076941737993263,
          0.7795375373794937,
          3.183129481778145
        ],
        [
          0.0,
          0.0,
          0.0,
          1.0
        ]
      ]
    },
    {
      "file_path": "./chair\\images/0003.jpg",
      "sharpness": 55.41188779680701,
      "transform_matrix": [
        [
          -0.6757393784931357,
          0.6359602936456022,
          -0.37273421806902163,
          -1.6309450325199026
        ],
        [
          -0.7328860812619363,
          -0.5253737513707715,
          0.4322735398618043,
          1.6059112319816902
        ],
        [
          0.0790840329345639,
          0.5652759735980817,
          0.8211021796760091,
          3.1864314636242996
        ],
        [
          0.0,
          0.0,
          0.0,
          1.0
        ]
      ]
    },
    {
      "file_path": "./chair\\images/0005.jpg",
      "sharpness": 64.65089873843728,
      "transform_matrix": [
        [
          -0.7548232489604771,
          0.5766888011791466,
          -0.3125250221708984,
          -1.4121481992270752
        ],
        [
          -0.641513371853201,
          -0.549713127779763,
          0.5350477276670315,
          2.0071240612288794
        ],
        [
          0.13675692519492272,
          0.6043554449079018,
          0.7848898264613637,
          3.207405453571248
        ],
        [
          0.0,
          0.0,
          0.0,
          1.0
        ]
      ]
    },
    {
      "file_path": "./chair\\images/0009.jpg",
      "sharpness": 57.55275714534124,
      "transform_matrix": [
        [
          -0.856559001908436,
          0.48774679315883906,
          -0.16855189726760114,
          -0.7668863688017172
        ],
        [
          -0.48159493669211334,
          -0.6381859078054216,
          0.6006538637456847,
          2.2164380913657156
        ],
        [
          0.18539955027037383,
          0.5956692143163758,
          0.7815402701949542,
          3.052321065224294
        ],
        [
          0.0,
          0.0,
          0.0,
          1.0
        ]
      ]
    },
    {
      "file_path": "./chair\\images/0010.jpg",
      "sharpness": 66.0322196881141,
      "transform_matrix": [
        [
          -0.8867481950146019,
          0.4508198283560654,
          -0.10217201700547723,
          -0.5656725485985837
        ],
        [
          -0.4127438049030023,
          -0.6726693678253324,
          0.6141322928369661,
          2.273963967009215
        ],
        [
          0.20813502875616455,
          0.5867515692268152,
          0.7825614390421292,
          2.9845595556456073
        ],
        [
          0.0,
          0.0,
          0.0,
          1.0
        ]
      ]
    },
    {
      "file_path": "./chair\\images/0011.jpg",
      "sharpness": 63.33643864779532,
      "transform_matrix": [
        [
          -0.914147535057747,
          0.4034831337653622,
          -0.03918730629099274,
          -0.2979534283183801
        ],
        [
          -0.336862781520126,
          -0.7023009714499538,
          0.6271338070368283,
          2.434591185857517
        ],
        [
          0.22551663047675047,
          0.5864935688515627,
          0.7779251526562937,
          2.9431841903336826
        ],
        [
          0.0,
          0.0,
          0.0,
          1.0
        ]
      ]
    },
    {
      "file_path": "./chair\\images/0015.jpg",
      "sharpness": 44.82506067932506,
      "transform_matrix": [
        [
          -0.9687100730137365,
          0.1796930251781626,
          0.17120517282971479,
          0.5609853549861461
        ],
        [
          -0.032157312077860115,
          -0.7748560694823918,
          0.6313192368903007,
          2.4291837801314817
        ],
        [
          0.2461030308238736,
          0.6060598058909544,
          0.7563893243322972,
          2.712669013284344
        ],
        [
          0.0,
          0.0,
          0.0,
          1.0
        ]
      ]
    },
    {
      "file_path": "./chair\\images/0014.jpg",
      "sharpness": 48.15368865539998,
      "transform_matrix": [
        [
          -0.9623921131123037,
          0.2485775507708642,
          0.10959298304001987,
          0.38263421451501173
        ],
        [
          -0.12460091649918538,
          -0.7623752754612729,
          0.635026417540596,
          2.474704658218891
        ],
        [
          0.24140429218079534,
          0.5974890297303637,
          0.764676942982921,
          2.7360834910411915
        ],
        [
          0.0,
          0.0,
          0.0,
          1.0
        ]
      ]
    },
    {
      "file_path": "./chair\\images/0013.jpg",
      "sharpness": 55.984539922248004,
      "transform_matrix": [
        [
          -0.9441909947049959,
          0.32448419126229666,
          0.056686640387826594,
          0.10255784682236954
        ],
        [
          -0.21336096929392886,
          -0.7335671561863774,
          0.645256789308037,
          2.517169943833334
        ],
        [
          0.2509590850181821,
          0.5971509331977453,
          0.7618597644508117,
          2.812019424597266
        ],
        [
          0.0,
          0.0,
          0.0,
          1.0
        ]
      ]
    },
    {
      "file_path": "./chair\\images/0012.jpg",
      "sharpness": 66.66144637416203,
      "transform_matrix": [
        [
          -0.9293066096433188,
          0.3691834540981448,
          0.00963340817264328,
          -0.11331167206156542
        ],
        [
          -0.27764347861495375,
          -0.7156075722840931,
          0.6409523393153244,
          2.5340452178403874
        ],
        [
          0.24352273837596475,
          0.5929665924361067,
          0.7675202252773089,
          2.878765643753583
        ],
        [
          0.0,
          0.0,
          0.0,
          1.0
        ]
      ]
    },
    {
      "file_path": "./chair\\images/0016.jpg",
      "sharpness": 58.33155072089301,
      "transform_matrix": [
        [
          -0.9607655790020774,
          0.1010790811281784,
          0.2582876722236343,
          0.7915208458794428
        ],
        [
          0.0859435426380144,
          -0.7769048203554063,
          0.6237247851327486,
          2.374514872831407
        ],
        [
          0.26371046574700735,
          0.6214514618966365,
          0.7377363152395153,
          2.6403907022696433
        ],
        [
          0.0,
          0.0,
          0.0,
          1.0
        ]
      ]
    },
    {
      "file_path": "./chair\\images/0020.jpg",
      "sharpness": 43.43649712230069,
      "transform_matrix": [
        [
          -0.9039151636371667,
          -0.055951649452844296,
          0.42403630732511166,
          1.6488780576538071
        ],
        [
          0.3274566870829567,
          -0.7283170466672294,
          0.6019355427453267,
          2.14744524769435
        ],
        [
          0.2751535845498089,
          0.6829521890192399,
          0.6766585641846018,
          2.4553017038440608
        ],
        [
          0.0,
          0.0,
          0.0,
          1.0
        ]
      ]
    },
    {
      "file_path": "./chair\\images/0017.jpg",
      "sharpness": 54.47273536973057,
      "transform_matrix": [
        [
          -0.9479990264266871,
          0.05032832105742955,
          0.3142688435928886,
          1.0922389537426127
        ],
        [
          0.16384442887256476,
          -0.7693582909705207,
          0.6174486401668363,
          2.3801795594836093
        ],
        [
          0.2728604938106966,
          0.63683190893756,
          0.7211048957935827,
          2.5920729310302857
        ],
        [
          0.0,
          0.0,
          0.0,
          1.0
        ]
      ]
    },
    {
      "file_path": "./chair\\images/0018.jpg",
      "sharpness": 52.07039544844333,
      "transform_matrix": [
        [
          -0.9415786531379154,
          0.03642681695572822,
          0.33481745328025664,
          1.2819450424307424
        ],
        [
          0.19227462771576237,
          -0.7580647420271022,
          0.6231920365615056,
          2.354077254919057
        ],
        [
          0.27651420859116277,
          0.6511612196140597,
          0.706773626120189,
          2.5481527723363135
        ],
        [
          0.0,
          0.0,
          0.0,
          1.0
        ]
      ]
    },
    {
      "file_path": "./chair\\images/0022.jpg",
      "sharpness": 41.9237953016493,
      "transform_matrix": [
        [
          -0.8271567959398616,
          -0.15577757906613413,
          0.5399490539397322,
          2.0945535094667824
        ],
        [
          0.48802061802438734,
          -0.6755327701527034,
          0.5527127217953647,
          2.091478358866306
        ],
        [
          0.2786530304289033,
          0.7206863550408059,
          0.6347941921220872,
          2.4144533765481118
        ],
        [
          0.0,
          0.0,
          0.0,
          1.0
        ]
      ]
    },
    {
      "file_path": "./chair\\images/0019.jpg",
      "sharpness": 48.35574584772555,
      "transform_matrix": [
        [
          -0.9265759884527682,
          0.001162552101338871,
          0.3761058177627713,
          1.4271914409058422
        ],
        [
          0.2506669892611215,
          -0.7436134073215811,
          0.6198428518163972,
          2.2422955492092633
        ],
        [
          0.2803979282699232,
          0.6686088160893474,
          0.6887229144806233,
          2.5184281331792344
        ],
        [
          0.0,
          0.0,
          0.0,
          1.0
        ]
      ]
    },
    {
      "file_path": "./chair\\images/0021.jpg",
      "sharpness": 47.2804286022881,
      "transform_matrix": [
        [
          -0.8751944235756309,
          -0.10263638221787545,
          0.47275838865847836,
          1.8357875862499229
        ],
        [
          0.39793445813843664,
          -0.7084567609435537,
          0.5828697838290878,
          2.1177111569141327
        ],
        [
          0.2751052308215466,
          0.6982512376991639,
          0.6608799596654122,
          2.4531385163999726
        ],
        [
          0.0,
          0.0,
          0.0,
          1.0
        ]
      ]
    },
    {
      "file_path": "./chair\\images/0023.jpg",
      "sharpness": 54.55764756264393,
      "transform_matrix": [
        [
          -0.7844484063148296,
          -0.19386387027001992,
          0.5891158610100979,
          2.3781973511053707
        ],
        [
          0.5567011968015613,
          -0.6387790203193905,
          0.531079222603408,
          2.0729035516278422
        ],
        [
          0.27335777903675423,
          0.7445657546772662,
          0.6090134330727968,
          2.367897883353933
        ],
        [
          0.0,
          0.0,
          0.0,
          1.0
        ]
      ]
    },
    {
      "file_path": "./chair\\images/0024.jpg",
      "sharpness": 57.5318357258361,
      "transform_matrix": [
        [
          -0.7583147288426313,
          -0.21650094112192378,
          0.614887074651324,
          2.525466517807757
        ],
        [
          0.5934570342909455,
          -0.6195892911369196,
          0.5137293633427773,
          2.019313845407966
        ],
        [
          0.2697545560667899,
          0.7544776026081866,
          0.5983276917417076,
          2.3228519195164856
        ],
        [
          0.0,
          0.0,
          0.0,
          1.0
        ]
      ]
    },
    {
      "file_path": "./chair\\images/0027.jpg",
      "sharpness": 54.20550671445,
      "transform_matrix": [
        [
          -0.5268192632821769,
          -0.3532487440176129,
          0.7730955883617625,
          2.942951027703544
        ],
        [
          0.8135397242774068,
          -0.47301438968406906,
          0.3382462182729912,
          1.4102052099457816
        ],
        [
          0.24620028612274394,
          0.8071385953144673,
          0.5365749781046586,
          2.224754647630082
        ],
        [
          0.0,
          0.0,
          0.0,
          1.0
        ]
      ]
    },
    {
      "file_path": "./chair\\images/0026.jpg",
      "sharpness": 49.224269719242756,
      "transform_matrix": [
        [
          -0.6051563423101448,
          -0.3324216936274929,
          0.7233820698823358,
          2.8002682622163846
        ],
        [
          0.7560505868709597,
          -0.5245695902471584,
          0.39142592540803556,
          1.523247892072137
        ],
        [
          0.24934576693647023,
          0.7837873197717596,
          0.5687742310768061,
          2.20400098847536
        ],
        [
          0.0,
          0.0,
          0.0,
          1.0
        ]
      ]
    },
    {
      "file_path": "./chair\\images/0029.jpg",
      "sharpness": 52.41765514935977,
      "transform_matrix": [
        [
          -0.38773963830145564,
          -0.3693220308190007,
          0.8445467485587769,
          3.5643630404804503
        ],
        [
          0.8912089755441772,
          -0.3841694799631712,
          0.24116461717228788,
          1.1342767675769343
        ],
        [
          0.23538167902265636,
          0.846176724015725,
          0.4781008439394749,
          2.136090160096342
        ],
        [
          0.0,
          0.0,
          0.0,
          1.0
        ]
      ]
    },
    {
      "file_path": "./chair\\images/0030.jpg",
      "sharpness": 54.340719272047195,
      "transform_matrix": [
        [
          -0.3258235013971273,
          -0.38880734392194183,
          0.8617818142136079,
          3.6575147743159993
        ],
        [
          0.9166697393967995,
          -0.3530394051619371,
          0.18729593502967576,
          0.8728881528437187
        ],
        [
          0.23142090404308227,
          0.8509947284009068,
          0.47143646174950954,
          2.085806224200567
        ],
        [
          0.0,
          0.0,
          0.0,
          1.0
        ]
      ]
    },
    {
      "file_path": "./chair\\images/0028.jpg",
      "sharpness": 56.309428961478325,
      "transform_matrix": [
        [
          -0.44415717946705596,
          -0.3697756021813685,
          0.8160823512482624,
          3.2850690426876916
        ],
        [
          0.8647607035051718,
          -0.41516665409137427,
          0.2825342014789454,
          1.2484748518568745
        ],
        [
          0.23433592474205356,
          0.8312055422154675,
          0.5041666599714081,
          2.1674471493780216
        ],
        [
          0.0,
          0.0,
          0.0,
          1.0
        ]
      ]
    },
    {
      "file_path": "./chair\\images/0025.jpg",
      "sharpness": 53.02010205230595,
      "transform_matrix": [
        [
          -0.7019814825267895,
          -0.27696874508177755,
          0.6561328466834536,
          2.65985573625559
        ],
        [
          0.6644443984079094,
          -0.5863537860554429,
          0.4633604201961264,
          1.750612143159637
        ],
        [
          0.25638962470589216,
          0.7612342293037694,
          0.595639831224051,
          2.2166465545870597
        ],
        [
          0.0,
          0.0,
          0.0,
          1.0
        ]
      ]
    },
    {
      "file_path": "./chair\\images/0031.jpg",
      "sharpness": 50.398828524637786,
      "transform_matrix": [
        [
          -0.2514000422345235,
          -0.4125695801206828,
          0.8755480343094489,
          3.7728571866208633
        ],
        [
          0.942383274354874,
          -0.31061550047052455,
          0.12422469595520574,
          0.6217104431167675
        ],
        [
          0.22070746021215468,
          0.8563319172372212,
          0.46688742175033204,
          2.090121824923903
        ],
        [
          0.0,
          0.0,
          0.0,
          1.0
        ]
      ]
    },
    {
      "file_path": "./chair\\images/0032.jpg",
      "sharpness": 51.70132378336117,
      "transform_matrix": [
        [
          -0.1697148657130049,
          -0.4266240669815874,
          0.8883629719251717,
          3.826439368857099
        ],
        [
          0.9624597276653996,
          -0.26550775451611014,
          0.056364039205767394,
          0.47047933684035104
        ],
        [
          0.21182100223363637,
          0.8645793993719749,
          0.4556690962260668,
          2.072900082448476
        ],
        [
          0.0,
          0.0,
          0.0,
          1.0
        ]
      ]
    },
    {
      "file_path": "./chair\\images/0035.jpg",
      "sharpness": 66.59289926305227,
      "transform_matrix": [
        [
          -0.054680385940104104,
          -0.4244868847664465,
          0.9037814670119847,
          4.150406780399474
        ],
        [
          0.9810751933437103,
          -0.1912172257360434,
          -0.030453860000725714,
          -0.10414218216664976
        ],
        [
          0.18574584895450472,
          0.8850123486710393,
          0.4269093842457536,
          1.970378922490469
        ],
        [
          0.0,
          0.0,
          0.0,
          1.0
        ]
      ]
    },
    {
      "file_path": "./chair\\images/0036.jpg",
      "sharpness": 64.53939233610245,
      "transform_matrix": [
        [
          -0.043863813204785114,
          -0.42225334101004103,
          0.9054159717812637,
          4.186061592531835
        ],
        [
          0.9816185440629916,
          -0.18671642529797708,
          -0.039522278238084484,
          -0.18947392601657453
        ],
        [
          0.18574444768905127,
          0.8870395101612399,
          0.4226818042295461,
          1.9526392269254917
        ],
        [
          0.0,
          0.0,
          0.0,
          1.0
        ]
      ]
    },
    {
      "file_path": "./chair\\images/0033.jpg",
      "sharpness": 53.54599871291055,
      "transform_matrix": [
        [
          -0.0914028909446293,
          -0.43885861888978944,
          0.8938951975554668,
          3.942297630369533
        ],
        [
          0.9767463267367175,
          -0.21433145729789443,
          -0.0053515998002259,
          0.2210173975311373
        ],
        [
          0.19393845606083046,
          0.8726196990069752,
          0.4482440587747537,
          2.030377132164237
        ],
        [
          0.0,
          0.0,
          0.0,
          1.0
        ]
      ]
    },
    {
      "file_path": "./chair\\images/0039.jpg",
      "sharpness": 56.324828479437194,
      "transform_matrix": [
        [
          0.1442838069428345,
          -0.4648849875886786,
          0.8735354208206862,
          3.9199292416777283
        ],
        [
          0.9815138547480488,
          -0.04494621654521028,
          -0.1860386802722182,
          -0.7497903431011113
        ],
        [
          0.1257487017534822,
          0.8842294871769673,
          0.4498060449518425,
          1.9329041298922172
        ],
        [
          0.0,
          0.0,
          0.0,
          1.0
        ]
      ]
    },
    {
      "file_path": "./chair\\images/0034.jpg",
      "sharpness": 60.57059563920644,
      "transform_matrix": [
        [
          -0.06520539397853692,
          -0.4330951967834631,
          0.8989865444926378,
          4.084508927604118
        ],
        [
          0.9808399619691092,
          -0.19355700842196805,
          -0.022105508288793783,
          -0.014806689121865228
        ],
        [
          0.18357893562593108,
          0.8803205297338331,
          0.43741803733355705,
          1.9823439983864986
        ],
        [
          0.0,
          0.0,
          0.0,
          1.0
        ]
      ]
    },
    {
      "file_path": "./chair\\images/0038.jpg",
      "sharpness": 55.78731444406392,
      "transform_matrix": [
        [
          0.0804895507642731,
          -0.4558316425644672,
          0.8864191705476374,
          3.996606575236755
        ],
        [
          0.9860707288143977,
          -0.09344859389090143,
          -0.13759316144629732,
          -0.5348940476470904
        ],
        [
          0.1455539418733195,
          0.8851468092900114,
          0.4419606046583766,
          1.9016716071424349
        ],
        [
          0.0,
          0.0,
          0.0,
          1.0
        ]
      ]
    },
    {
      "file_path": "./chair\\images/0037.jpg",
      "sharpness": 63.35540327131483,
      "transform_matrix": [
        [
          0.00013108633050481732,
          -0.43469093339203485,
          0.9005796884800099,
          4.129647990018442
        ],
        [
          0.9845061724868545,
          -0.15786044059681179,
          -0.07633922734345236,
          -0.31682322693104925
        ],
        [
          0.1753498764043459,
          0.8866362691540447,
          0.42793521370264065,
          1.9278946227206673
        ],
        [
          0.0,
          0.0,
          0.0,
          1.0
        ]
      ]
    },
    {
      "file_path": "./chair\\images/0040.jpg",
      "sharpness": 58.9558365861575,
      "transform_matrix": [
        [
          0.20982657990561776,
          -0.45484674308522705,
          0.8654982650066315,
          3.9261666042751835
        ],
        [
          0.9712369157741686,
          -0.004952018184392745,
          -0.23806371196575402,
          -0.9635572867280852
        ],
        [
          0.11256846718127603,
          0.8905559599943448,
          0.44072488286475997,
          1.9524104278783783
        ],
        [
          0.0,
          0.0,
          0.0,
          1.0
        ]
      ]
    },
    {
      "file_path": "./chair\\images/0043.jpg",
      "sharpness": 40.74608179583962,
      "transform_matrix": [
        [
          0.430808959327483,
          -0.421326436760633,
          0.7980524257900453,
          3.5717442180424697
        ],
        [
          0.9013267070506942,
          0.15690980767584775,
          -0.40371955540178095,
          -1.756735517183817
        ],
        [
          0.04487546908205949,
          0.8932319665139555,
          0.4473509207919713,
          1.9015695039797675
        ],
        [
          0.0,
          0.0,
          0.0,
          1.0
        ]
      ]
    },
    {
      "file_path": "./chair\\images/0041.jpg",
      "sharpness": 53.81570958149756,
      "transform_matrix": [
        [
          0.3008584754037148,
          -0.4338070000769738,
          0.8492912718976837,
          3.9239991635073332
        ],
        [
          0.950139709365663,
          0.059805916321974996,
          -0.30603559443462447,
          -1.2905820547893732
        ],
        [
          0.08196774039836131,
          0.8990187646085298,
          0.43017037377867756,
          1.912636376447956
        ],
        [
          0.0,
          0.0,
          0.0,
          1.0
        ]
      ]
    },
    {
      "file_path": "./chair\\images/0042.jpg",
      "sharpness": 58.78579939592033,
      "transform_matrix": [
        [
          0.36910483017287776,
          -0.4252876334930171,
          0.8263728294181606,
          3.778844640887632
        ],
        [
          0.9268848277587359,
          0.10323529955386314,
          -0.3608697673652008,
          -1.5495070577073249
        ],
        [
          0.0681626027737646,
          0.8991512118576093,
          0.4322973026277702,
          1.880566076615675
        ],
        [
          0.0,
          0.0,
          0.0,
          1.0
        ]
      ]
    },
    {
      "file_path": "./chair\\images/0047.jpg",
      "sharpness": 38.95936403024463,
      "transform_matrix": [
        [
          0.7230000773865422,
          -0.28396627045097983,
          0.6297888895533414,
          2.8563674400523134
        ],
        [
          0.6906327937665516,
          0.3198393586494287,
          -0.6486363610178363,
          -2.641666619175678
        ],
        [
          -0.017240426202146348,
          0.9039169994869796,
          0.42736029975182754,
          1.975960832204152
        ],
        [
          0.0,
          0.0,
          0.0,
          1.0
        ]
      ]
    },
    {
      "file_path": "./chair\\images/0044.jpg",
      "sharpness": 43.678463500934186,
      "transform_matrix": [
        [
          0.5043704261041764,
          -0.4047114132746127,
          0.7627707029614951,
          3.3544798790056807
        ],
        [
          0.8631710493339366,
          0.21239973437836793,
          -0.45806341529233746,
          -1.939506644325578
        ],
        [
          0.02337119747173512,
          0.8894352280301889,
          0.45646331980649935,
          1.9368546124111519
        ],
        [
          0.0,
          0.0,
          0.0,
          1.0
        ]
      ]
    },
    {
      "file_path": "./chair\\images/0051.jpg",
      "sharpness": 12.302616936196225,
      "transform_matrix": [
        [
          0.825645407563429,
          -0.2630721396708417,
          0.49910190378122365,
          2.0248430244665068
        ],
        [
          0.5542364203804222,
          0.21276127860043934,
          -0.804707790849408,
          -2.963472546832394
        ],
        [
          0.10550664114814334,
          0.9410237445020844,
          0.3214695335767613,
          1.9780219854658492
        ],
        [
          0.0,
          0.0,
          0.0,
          1.0
        ]
      ]
    },
    {
      "file_path": "./chair\\images/0052.jpg",
      "sharpness": 7.546504982812905,
      "transform_matrix": [
        [
          0.8226944524409916,
          -0.25794634554998663,
          0.5065940394436551,
          1.8531759267297911
        ],
        [
          0.5659159361370584,
          0.28700231989807773,
          -0.77289638477662,
          -3.0136276154505133
        ],
        [
          0.05397213337505809,
          0.922547208140634,
          0.38209116403289745,
          1.9287650260730973
        ],
        [
          0.0,
          0.0,
          0.0,
          1.0
        ]
      ]
    },
    {
      "file_path": "./chair\\images/0046.jpg",
      "sharpness": 51.07501716512045,
      "transform_matrix": [
        [
          0.6761105259860347,
          -0.3149646293944441,
          0.6660869604945919,
          3.021108335888513
        ],
        [
          0.7366648514836869,
          0.30629626988737557,
          -0.6029158246746624,
          -2.4716956168232675
        ],
        [
          -0.014122792145412452,
          0.8983205871740588,
          0.43911350407658684,
          1.9564958142309525
        ],
        [
          0.0,
          0.0,
          0.0,
          1.0
        ]
      ]
    },
    {
      "file_path": "./chair\\images/0049.jpg",
      "sharpness": 24.756667682213248,
      "transform_matrix": [
        [
          0.7784990327911724,
          -0.2605222649637704,
          0.5710231216518058,
          2.471296695630927
        ],
        [
          0.6276455336614595,
          0.32229278874817535,
          -0.7086525540751812,
          -2.6982398562544727
        ],
        [
          0.0005831341431778932,
          0.9100854398547021,
          0.41442026033990154,
          1.9998392760518378
        ],
        [
          0.0,
          0.0,
          0.0,
          1.0
        ]
      ]
    },
    {
      "file_path": "./chair\\images/0053.jpg",
      "sharpness": 14.183122400335616,
      "transform_matrix": [
        [
          0.8080846823454331,
          -0.28017743582771376,
          0.5181696157353342,
          1.7003505377597767
        ],
        [
          0.5874311218450563,
          0.4487798456080512,
          -0.6734399210511675,
          -2.8118719060204818
        ],
        [
          -0.04386140988435248,
          0.8485854433587956,
          0.52723706442516,
          1.9774667877705059
        ],
        [
          0.0,
          0.0,
          0.0,
          1.0
        ]
      ]
    },
    {
      "file_path": "./chair\\images/0045.jpg",
      "sharpness": 56.34670550535226,
      "transform_matrix": [
        [
          0.6023749102993814,
          -0.3652189785803327,
          0.7097602166831888,
          3.208513465671856
        ],
        [
          0.798188748100765,
          0.268631853596731,
          -0.5391953724208408,
          -2.157168776392822
        ],
        [
          0.0062601805539591665,
          0.8913203829019276,
          0.45333076800956323,
          1.9471897805252532
        ],
        [
          0.0,
          0.0,
          0.0,
          1.0
        ]
      ]
    },
    {
      "file_path": "./chair\\images/0050.jpg",
      "sharpness": 31.924787325917944,
      "transform_matrix": [
        [
          0.805226374140833,
          -0.26285467847425215,
          0.5315241334613322,
          2.2888409232335376
        ],
        [
          0.5892157811560632,
          0.25401313492462974,
          -0.767008533540496,
          -2.812540571071973
        ],
        [
          0.06659767004218443,
          0.9307979078986104,
          0.35941620032723853,
          2.0159087834599263
        ],
        [
          0.0,
          0.0,
          0.0,
          1.0
        ]
      ]
    },
    {
      "file_path": "./chair\\images/0048.jpg",
      "sharpness": 37.790367351756856,
      "transform_matrix": [
        [
          0.7496363281654878,
          -0.2708879091977256,
          0.6038750832785419,
          2.643706862098318
        ],
        [
          0.6614248246649576,
          0.33931864749562546,
          -0.6688647522333652,
          -2.6706014974908383
        ],
        [
          -0.02371870224583206,
          0.9008232879805849,
          0.43353757283166283,
          1.9805396115619178
        ],
        [
          0.0,
          0.0,
          0.0,
          1.0
        ]
      ]
    },
    {
      "file_path": "./chair\\images/0054.jpg",
      "sharpness": 21.298895333730446,
      "transform_matrix": [
        [
          0.8363892995433581,
          -0.24236670307187738,
          0.49164145564736184,
          1.6646301511719632
        ],
        [
          0.531793604327779,
          0.5761795916289394,
          -0.620655009315087,
          -2.4334778074884613
        ],
        [
          -0.13284766479001145,
          0.7805609902347878,
          0.6107995076493401,
          2.129648060436084
        ],
        [
          0.0,
          0.0,
          0.0,
          1.0
        ]
      ]
    },
    {
      "file_path": "./chair\\images/0057.jpg",
      "sharpness": 18.322991173797185,
      "transform_matrix": [
        [
          0.9599877257497297,
          0.09196173926378859,
          0.2645120129239098,
          1.0754620140503954
        ],
        [
          0.11284914382363133,
          0.7374227445928611,
          -0.6659375094533562,
          -2.3569632495233432
        ],
        [
          -0.2562979461584586,
          0.6691417893810937,
          0.6975389799573726,
          2.3846964397400066
        ],
        [
          0.0,
          0.0,
          0.0,
          1.0
        ]
      ]
    },
    {
      "file_path": "./chair\\images/0056.jpg",
      "sharpness": 16.45749235109753,
      "transform_matrix": [
        [
          0.9203643975032982,
          -0.06669016874491089,
          0.38533335861404705,
          1.4811929794577372
        ],
        [
          0.3162557092413504,
          0.7065223048982927,
          -0.6330944313883872,
          -2.1821175315668295
        ],
        [
          -0.23002543822144134,
          0.7045414495303036,
          0.6713491220862061,
          2.286153504400135
        ],
        [
          0.0,
          0.0,
          0.0,
          1.0
        ]
      ]
    },
    {
      "file_path": "./chair\\images/0059.jpg",
      "sharpness": 16.214262152476373,
      "transform_matrix": [
        [
          0.9598738816109238,
          0.14744558892144363,
          0.23854125380823044,
          1.0681992420417814
        ],
        [
          0.07606047381832363,
          0.6818525348874849,
          -0.7275245184813869,
          -2.5434494928133793
        ],
        [
          -0.26992023966665846,
          0.7164753443117187,
          0.6432776579929118,
          2.4704195423983117
        ],
        [
          0.0,
          0.0,
          0.0,
          1.0
        ]
      ]
    },
    {
      "file_path": "./chair\\images/0060.jpg",
      "sharpness": 26.59117946313812,
      "transform_matrix": [
        [
          0.9594995966620533,
          0.12572974863005007,
          0.2520963196367583,
          1.0028900018182223
        ],
        [
          0.10440919616097051,
          0.6724326857640347,
          -0.7327571240695784,
          -2.550532734048534
        ],
        [
          -0.2616471743007208,
          0.7294013390844191,
          0.6320715487849872,
          2.442040895422907
        ],
        [
          0.0,
          0.0,
          0.0,
          1.0
        ]
      ]
    },
    {
      "file_path": "./chair\\images/0058.jpg",
      "sharpness": 33.9982659842597,
      "transform_matrix": [
        [
          0.962930562635716,
          0.19895454550561464,
          0.1821587780600644,
          1.0132314985699278
        ],
        [
          -0.016412651667003866,
          0.7172500510905592,
          -0.6966225585475829,
          -2.5287421452090695
        ],
        [
          -0.269249617394968,
          0.6678094436745682,
          0.6939273669000778,
          2.4374408939762686
        ],
        [
          0.0,
          0.0,
          0.0,
          1.0
        ]
      ]
    },
    {
      "file_path": "./chair\\images/0066.jpg",
      "sharpness": 12.002114759175573,
      "transform_matrix": [
